1000
8188
3026
3926
2461
1342
2483
1393
2388
4557
2009
7431
6974
1695
6411
2165
3140
7308
9933
7289
6140
7062
915
2559
8778
633
356
7482
8913
8689
1850
7984
1794
9987
6405
5922
5509
9817
8623
2983
613
5757
9098
3908
8966
2496
8934
9818
7746
5784
6655
5196
4928
6884
2914
3563
5526
3405
2000
1151
5141
2060
4668
1781
4675
3378
1150
1536
7959
8583
8906
7597
5820
4274
4074
2151
5928
5554
1176
3939
7959
2199
776
169
4336
7376
9426
4432
1577
4546
6749
5701
3638
4545
7447
9720
7853
7470
6305
8275
7445
4173
6407
7207
6989
514
7582
9380
9081
9064
9813
2213
5542
733
702
5959
5263
9534
2598
8020
5912
7290
4352
8559
200
9509
304
2174
532
2252
7282
4991
8965
5919
1579
3561
5164
7696
4088
7072
2828
1271
4163
9108
6325
3647
3764
6967
4001
3105
3907
3961
535
9018
4907
2834
4493
7372
74
1147
9163
1566
7046
8873
3419
257
2026
1047
6012
5552
7069
9327
5717
5762
931
6788
7766
9984
5309
6975
5355
621
6172
452
3802
4663
6099
6305
5211
9337
4970
3331
679
3754
6671
9652
889
2838
3159
2773
4786
5190
8338
6931
8889
4558
7884
4073
5326
8132
8207
834
4239
4184
8310
7450
3412
9492
9949
5824
3621
9137
132
2938
4748
8947
9250
4997
7781
1603
2502
9926
8338
8023
4969
9506
3834
383
4847
295
8641
1487
941
8821
1107
5620
7348
5821
2906
1333
5499
148
7344
2856
7659
2227
5678
2141
2227
9471
7746
491
4876
6240
7775
3029
4023
7936
9407
1321
1059
4369
5555
8917
3418
3019
4779
1030
4939
7106
3232
6638
6434
4528
2399
1361
8483
5332
1329
220
1191
4550
3765
339
4749
8437
7231
5382
5809
2176
841
9119
5130
1597
9607
1034
5964
4601
3689
8961
6542
8285
8634
2467
5447
4553
9254
7985
3314
7199
40
6517
4928
3279
4960
7839
5948
843
9620
2589
9401
6518
862
2710
536
2846
9027
3155
3190
5842
1027
138
1586
7154
6924
8665
6364
4578
3497
6108
7049
7594
8088
1210
51
9501
2681
1554
4894
6916
3107
4574
3189
3063
913
1601
82
1591
937
1234
236
9386
8156
3397
2523
6356
9353
4066
1271
1759
3085
6581
1582
9271
2453
6561
7829
4565
8612
6945
2006
2245
3615
5053
8487
4406
822
1909
4939
4157
9901
29
242
358
6521
4373
1340
8969
4870
3844
7018
7381
4932
1409
9237
1212
6003
1501
3288
5770
387
6688
408
1634
1694
4014
885
1831
5889
4022
1848
3220
4261
3287
8652
1386
3244
1087
7673
7204
5047
3586
7803
6487
6197
5379
3649
6155
565
6594
5586
5936
60
9058
2682
1423
5426
6086
9377
3663
5111
4663
1117
6529
579
1572
6174
7512
3451
6871
7895
3608
4080
7344
7949
8458
4897
5841
4119
4825
3488
2948
773
2140
8306
3372
5853
4960
6752
951
6625
6289
5067
5181
8317
9574
9533
3193
204
6854
4522
5728
7818
7274
3236
2290
6291
1425
1582
2316
922
3642
7496
5016
2055
8961
5130
5378
920
8585
316
7767
5368
8178
353
5180
2316
6312
596
7096
2330
5736
8699
1264
6245
6063
4968
8285
5235
208
6687
4955
575
7362
1201
1936
682
1972
4422
6999
8589
8318
1002
6217
7721
2917
9678
7784
1343
8426
3023
5351
6060
9441
5060
2760
3900
2073
2161
4995
5056
1868
8120
4832
8282
5076
335
1010
5284
3032
1500
9552
6032
5986
6829
3329
5098
5119
4853
244
106
7922
7249
8537
6982
8517
6184
110
5220
429
7296
6634
5709
6536
8062
2144
1405
326
9509
7825
5351
6641
7072
1441
1750
1467
8778
2468
3022
7363
6394
7124
4944
2163
5293
7890
4092
5976
8651
2374
1745
7663
2988
4245
6464
7625
8227
719
3647
9979
4824
9457
4233
804
660
4733
9426
5435
2197
5380
3609
4469
5666
7886
8966
1984
2664
2246
8018
176
1074
4244
2838
7875
2423
2904
4924
4738
7998
9600
242
1814
524
3382
6157
1781
6814
4329
7321
1752
7026
4407
7662
8682
1743
3396
3583
5087
4534
7145
1485
1294
6768
8843
8264
2269
5766
935
1173
4887
5472
2712
3050
2637
7445
4052
998
646
8881
2489
6655
6708
6901
9759
8899
7845
9415
8730
848
4386
9898
4271
8303
1608
8553
3024
8778
9984
6477
7814
7663
5597
5167
6538
3836
6034
4694
6944
2138
4429
1105
4064
9991
6148
6129
4258
491
715
142
6662
2188
7870
6362
1165
1085
5841
1842
759
5873
6898
1696
3962
573
9959
2158
3995
5676
7962
7461
9453
3004
5662
3699
4387
3205
6748
9195
3827
3866
3503
4022
1082
8888
9896
2776
3974
187
1534
5262
4563
3312
309
4435
7461
8677
4394
9217
2799
6205
89
4660
2782
4000
4620
9882
566
7454
2336
4487
1110
5108
3557
9317
6522
8023
8450
7225
9661
3134
5970
7809
5833
7692
7823
4425
2669
2858
3897
7820
5433
7108
9203
1640
8921
7994
7147
4954
9084
8374
3556
4201
9312
1037
8738
2158
6795
1086
2097
1921
5720
5400
5825
2591
5101
793
6834
6055
1157
4080
7289
7428
7135
3684
4380
3668
4145
3613
8944
6520
1402
688
5276
8468
9155
7353
5001
982
9729
3473
9241
2371
2987
5198
5136
9805
6610
3785
1732
6033
1025
939
3469
524
3842
5249
9272
5422
2891
6159
9902
1207
3027
8289
9100
2957
3365
8220
7662
8448
896
4899
2477
2772
7848
9621
1523
894
7405
9459
8999
3546
3829
1199
4153
521
5337
4545
2155
312
985
3491
2201
6187
9773
1484
103
6104
9673
7226
5590
8080
8971
2440
3507
5545
5668
6671
4252
1942
9793
9129
976
2856
8246
2096
322
9885
4694
2693
5688
6759
3841
9661
8454
7192
1130
5254
9491
5225
6883
5879
3541
5690
5623
6389
2190
1683
9012
8658
1634
3657
1028
4863
5635
9325
3926
1795
5963
5726
4814
7636
4437
2415
7525
6225
9961
2275
702
5490
7826
628
